0.933989
0.0381844
0.803387
0.998883
0.0236545
0.00316102
0.290778
0.353278
0.991536
0.00195046
0.00391606
0.382387
0.0022471
0.772037
0.00562909
0.044833
0.513531
0.980092
0.963769
0.00860295
0.0698128
0.132042
0.104906
0.934396
0.748612
0.870052
0.985284
0.362878
0.9671
0.999201
0.62011
0.9985
0.57867
0.945762
0.9968
0.0813207
0.995788
0.984522
0.955214
0.0230512
0.951497
0.998001
0.501883
0.989513
0.0198985
0.988327
0.99959
0.994824
0.997903
0.11826
0.366267
0.0381388
0.980855
0.990226
0.993897
0.889179
0.00303275
0.00238241
0.472315
0.990515
0.131202
0.0109885
0.00107679
0.465165
