0.820671
0.349319
0.670308
0.222312
0.719629
0.930078
0.138962
0.675776
0.105394
0.774455
0.431734
0.736281
0.6395
0.786988
0.210009
0.809001
0.182267
0.450812
0.859141
0.873246
0.454044
0.476387
0.200071
0.223946
0.967265
0.868343
0.833799
0.135571
0.409731
0.397905
0.26305
0.866039
0.651823
0.0793164
0.613172
0.790758
0.277741
0.219507
0.262687
0.376417
0.45532
0.106622
0.88373
0.821805
0.278179
0.601855
0.161863
0.700105
0.979675
0.563436
0.0439671
0.367144
0.427765
0.703033
0.52844
0.760909
0.297392
0.381338
0.832576
0.973672
0.387301
0.92391
0.483323
0.917002
0.826607
0.0913843
0.809649
0.819919
0.176248
0.951664
0.938808
0.332099
0.21281
0.184804
0.783699
0.449567
0.372172
0.621831
0.339571
0.228111
0.315825
0.584101
0.273988
0.523546
0.722919
0.840668
0.866739
0.787682
0.134919
0.446371
0.902916
0.692985
0.876152
0.384036
0.0613307
0.113649
