1.00365
-1.22212
0.533181
2.57418
-1.40919
-2.17943
-0.33773
-0.229038
1.80434
-2.36278
-2.09801
-0.181602
-2.30904
0.462064
-1.95991
-1.15869
0.0205059
1.47595
1.24278
-1.79811
-0.980897
-0.713266
-0.812071
1.00616
0.413343
0.720235
1.59241
-0.213218
1.28062
2.70149
0.185612
2.46233
0.120195
1.08281
2.17476
-0.918385
2.07034
1.57301
1.15911
-1.41921
1.12743
2.35344
0.0028538
1.72239
-1.47614
1.68133
2.95433
1.99186
2.33521
-0.76099
-0.207676
-1.22259
1.49106
1.74932
1.9291
0.788781
-2.19517
-2.28684
-0.0419893
1.76079
-0.716049
-1.70449
-2.58814
-0.0528666
