1.4022
-0.573489
0.654201
-1.15451
0.869055
2.38591
-1.68159
0.67711
-1.97176
1.13736
-0.253333
0.946597
0.528458
1.20487
-1.22147
1.33087
-1.38391
-0.181984
1.66705
1.77934
-0.169957
-0.0871448
-1.27769
-1.14582
3.12175
1.73916
1.48692
-1.70799
-0.336583
-0.381877
-0.949777
1.72072
0.578124
-2.26033
0.424713
1.22574
-0.881106
-1.16954
-0.951503
-0.465387
-0.165214
-1.95982
1.86994
1.40932
-0.879093
0.380953
-1.51609
0.78163
3.57291
0.235209
-2.83902
-0.501994
-0.268265
0.794524
0.104995
1.06732
-0.79265
-0.44611
1.47881
3.32866
-0.422874
2.30184
-0.061526
2.2148
1.43988
-2.11759
1.33474
1.3975
-1.42163
2.74745
2.51749
-0.644175
-1.20598
-1.3683
1.18688
-0.186623
-0.4821
0.458514
-0.613289
-1.12387
-0.712696
0.313126
-0.898429
0.0868962
0.884142
1.5334
1.72629
1.20869
-1.71313
-0.198539
2.05601
0.750576
1.80379
-0.435578
-2.51526
-1.89369
