96 48
4 7
3 3 3 3 3 3 3 3 3 3 3 3 3 3 3 3 3 3 3 3 3 3 3 3 3 3 3 3 3 3 3 3 3 3 3 3 3 3 3 3 3 3 3 3 3 3 3 3 3 3 3 3 3 3 3 3 3 3 3 3 3 3 3 3 3 3 3 3 3 3 3 3 3 3 3 3 3 3 3 4 3 3 3 3 4 3 3 3 3 3 3 3 3 4 3 3 
6 6 6 6 6 6 6 6 6 6 6 6 6 6 6 6 6 6 6 6 6 6 6 6 6 6 6 6 6 6 6 7 6 6 6 6 6 6 6 6 6 6 6 6 6 7 6 7 
10 30 40 0 
5 32 45 0 
16 18 39 0 
12 22 38 0 
15 19 47 0 
2 17 34 0 
9 24 42 0 
1 29 33 0 
4 27 36 0 
3 26 35 0 
11 31 43 0 
7 21 44 0 
8 20 48 0 
14 23 46 0 
6 28 37 0 
13 25 41 0 
14 32 43 0 
5 23 37 0 
2 31 36 0 
1 28 34 0 
7 25 47 0 
10 21 33 0 
15 30 35 0 
16 26 48 0 
3 22 46 0 
12 20 41 0 
8 18 38 0 
4 19 45 0 
6 24 40 0 
9 27 39 0 
13 17 42 0 
11 29 44 0 
8 24 34 0 
6 25 36 0 
9 19 43 0 
1 20 46 0 
14 27 42 0 
7 22 39 0 
13 18 35 0 
4 26 40 0 
16 29 38 0 
15 21 48 0 
11 23 45 0 
3 17 47 0 
5 28 44 0 
12 32 33 0 
2 30 41 0 
10 31 37 0 
10 18 36 0 
4 23 44 0 
9 29 40 0 
2 27 38 0 
8 30 42 0 
12 28 43 0 
11 20 37 0 
1 19 35 0 
15 31 39 0 
16 32 41 0 
5 26 33 0 
3 25 45 0 
13 21 34 0 
14 24 48 0 
7 17 46 0 
6 22 47 0 
7 27 40 0 
11 18 33 0 
2 32 35 0 
10 28 47 0 
5 24 41 0 
12 25 37 0 
3 19 39 0 
14 31 44 0 
16 30 34 0 
13 20 38 0 
9 22 36 0 
6 17 45 0 
4 21 42 0 
15 29 46 0 
8 26 43 0 
1 23 48 32 
1 25 42 0 
15 22 40 0 
8 21 41 0 
9 18 47 0 
6 27 43 48 
11 30 46 0 
7 31 35 0 
5 20 36 0 
14 17 38 0 
16 28 45 0 
4 32 37 0 
13 23 33 0 
12 26 44 0 
3 29 48 46 
2 24 39 0 
10 19 34 0 
8 20 36 56 80 81 0 
6 19 47 52 67 95 0 
10 25 44 60 71 94 0 
9 28 40 50 77 91 0 
2 18 45 59 69 88 0 
15 29 34 64 76 85 0 
12 21 38 63 65 87 0 
13 27 33 53 79 83 0 
7 30 35 51 75 84 0 
1 22 48 49 68 96 0 
11 32 43 55 66 86 0 
4 26 46 54 70 93 0 
16 31 39 61 74 92 0 
14 17 37 62 72 89 0 
5 23 42 57 78 82 0 
3 24 41 58 73 90 0 
6 31 44 63 76 89 0 
3 27 39 49 66 84 0 
5 28 35 56 71 96 0 
13 26 36 55 74 88 0 
12 22 42 61 77 83 0 
4 25 38 64 75 82 0 
14 18 43 50 80 92 0 
7 29 33 62 69 95 0 
16 21 34 60 70 81 0 
10 24 40 59 79 93 0 
9 30 37 52 65 85 0 
15 20 45 54 68 90 0 
8 32 41 51 78 94 0 
1 23 47 53 73 86 0 
11 19 48 57 72 87 0 
2 17 46 58 67 91 80 
8 22 46 59 66 92 0 
6 20 33 61 73 96 0 
10 23 39 56 67 87 0 
9 19 34 49 75 88 0 
15 18 48 55 70 91 0 
4 27 41 52 74 89 0 
3 30 38 57 71 95 0 
1 29 40 51 65 82 0 
16 26 47 58 69 83 0 
7 31 37 53 77 81 0 
11 17 35 54 79 85 0 
12 32 45 50 72 93 0 
2 28 43 60 76 90 0 
14 25 36 63 78 86 94 
5 21 44 64 68 84 0 
13 24 42 62 80 94 85 
