48 48
4 4
3 3 3 3 3 3 3 3 3 3 3 3 3 3 3 3 3 3 3 3 3 3 3 3 3 3 3 3 3 3 3 4 3 3 3 3 4 3 3 3 3 3 3 3 3 4 3 3 
3 3 3 3 3 3 3 3 3 3 3 3 3 3 3 3 3 3 3 3 3 3 3 3 3 3 3 3 3 3 3 4 3 3 3 3 3 3 3 3 3 3 3 3 3 4 3 4 
10 18 36 0 
4 23 44 0 
9 29 40 0 
2 27 38 0 
8 30 42 0 
12 28 43 0 
11 20 37 0 
1 19 35 0 
15 31 39 0 
16 32 41 0 
5 26 33 0 
3 25 45 0 
13 21 34 0 
14 24 48 0 
7 17 46 0 
6 22 47 0 
7 27 40 0 
11 18 33 0 
2 32 35 0 
10 28 47 0 
5 24 41 0 
12 25 37 0 
3 19 39 0 
14 31 44 0 
16 30 34 0 
13 20 38 0 
9 22 36 0 
6 17 45 0 
4 21 42 0 
15 29 46 0 
8 26 43 0 
1 23 48 32 
1 25 42 0 
15 22 40 0 
8 21 41 0 
9 18 47 0 
6 27 43 48 
11 30 46 0 
7 31 35 0 
5 20 36 0 
14 17 38 0 
16 28 45 0 
4 32 37 0 
13 23 33 0 
12 26 44 0 
3 29 48 46 
2 24 39 0 
10 19 34 0 
8 32 33 0 
4 19 47 0 
12 23 46 0 
2 29 43 0 
11 21 40 0 
16 28 37 0 
15 17 39 0 
5 31 35 0 
3 27 36 0 
1 20 48 0 
7 18 38 0 
6 22 45 0 
13 26 44 0 
14 24 41 0 
9 30 34 0 
10 25 42 0 
15 28 41 0 
1 18 36 0 
8 23 48 0 
7 26 40 0 
13 29 35 0 
16 27 34 0 
2 32 44 0 
14 21 47 0 
12 22 33 0 
11 31 45 0 
4 17 37 0 
6 20 42 0 
3 30 46 0 
5 25 38 0 
9 24 39 0 
10 19 43 32 
11 18 44 0 
13 25 48 0 
8 19 39 0 
1 27 40 0 
7 22 43 0 
4 26 41 0 
9 23 47 0 
3 17 34 0 
10 21 35 0 
5 29 33 0 
6 31 37 0 
2 24 45 0 
12 28 42 0 
15 30 38 46 
16 20 36 0 
14 32 46 37 
